,SO16 6YD,SO43 7NG,SO19 9AN,SO19 9AL,SO30 3PY,BH25 5JP,SO16 4AH,SO16 2JA,SO18 3RA,SO51 8EN,SO32 2UG,SO42 7RY,SO16 4NZ,SO31 8ES,SO30 4FQ,SO18 5TS,SO41 0PG,SO40 8WU,SO15 5AL,SO14 1LT,SO40 3PY,SO17 1BJ,SO16 4XE,BH24 1SD,SO15 2HQ,SO45 6AW,SO18 6TG,SO16 5ST,SO14 6UX,SO51 8ED,SO15 3FH,BH25 7EN,SO41 8QD,SO45 1XA,SO31 4NQ,SO16 3BD,SO41 9ND,SP6 1RS,SO45 4JA,SO15 5DD,SO16 8HY,SO43 7EW,SO40 4UZ,SO17 1PJ,SO14 0YG,SO52 9EP,SO50 9AG,SO19 4AA,SO15 5RP,SO15 3UA,SO19 9RL,SO19 6DJ,SO51 7QN,SO15 5SY,SO45 4ZD,SO41 9GJ,BH24 1JY,BH25 6EN,SO41 6BA,SO19 9GH,SO40 3ZN,SO18 1HZ,SO53 2ZH,SO50 8AU,SO17 2GD,SO45 5WX,SO32 1GR,SO18 2PA,SO50 4QP,SO23 8AD,SO21 1QY,SO53 4ST,SO22 6EL,SO41 3RA,SO53 2LH,SO18 6BT,BH23 8AD
SO16 6YD,0.0,14.46240988789318,7.107950142699212,6.983642783696111,9.008643292623363,30.09546792882252,2.3862250145980917,4.78982346084971,6.857511984072268,9.419399222897674,13.604883917232883,19.82239819440582,1.7709170168371895,11.432968784254934,11.600930621390786,8.88433419566837,30.861450941068163,7.017482116889184,2.169004498717419,4.754843878636485,5.026536955837775,3.1003963063441917,1.5229677680859022,30.23407596600919,3.3127184943351202,8.775835067409522,6.662627618857265,1.1545736743138744,3.2353920769915003,9.136406433899824,2.7999529189101713,31.44233036669305,23.77487384612537,15.98505594404147,11.770952585879508,4.023195190243002,25.22301308726823,30.22688021479725,10.915559103422181,2.7416541881849907,1.6606909825781448,14.454452217234275,5.716408463984368,2.667152914907103,4.1468435848779,5.631833041999235,8.50021461345957,6.339682633431696,1.622910216703313,2.1678346801221253,6.965212274900162,8.478152541832966,9.034941991557234,1.153593807180123,10.236073958753966,24.947352795908053,32.06585961481941,30.175142898985712,24.630225474594393,8.003226220933756,4.880391499102708,5.373190724407389,8.112594704348718,11.257316999981864,3.9254912371362902,10.227499538922578,18.881022471186586,5.800772649271942,8.650080639625227,20.187560310259688,15.308046397717877,6.6604431249221925,20.566505987699358,25.23798505277018,8.892153875499346,7.081115458627428,32.59636426174198
SO43 7NG,14.46240988789318,0.0,17.98767344915698,17.867150650668787,22.545731341788155,17.498159819003764,12.120848527061101,19.067655866958503,20.702691804041425,16.18879764186391,26.379364909824073,8.583889775073791,12.90449900560305,22.502057122913822,24.368949327485065,21.652953802008852,20.781116341845156,7.728578649596184,14.793300342022736,16.05877515789388,9.52574664583016,17.32457424779122,12.991800785259436,16.13700517198278,15.646841565646568,15.223472930561035,19.544031561698887,15.457139746328671,16.468478767643372,16.6235083103717,14.366054156576965,18.969520940864776,15.043385369019385,19.361289620068895,21.59233224853449,18.328027654077975,16.55186415842063,18.834356762340757,14.565246483177207,14.948983817518448,13.991896127384079,1.1001601173489801,11.38766737148057,16.728571677084584,16.3312382118122,17.80537679112507,22.920340933684386,18.938553342265784,14.059520685987149,13.942064311067972,17.91647982385416,20.699458234143176,17.168543369644304,14.0611345241107,15.487216673462799,16.19569978664623,17.895035853703636,17.664097353784516,12.77191849301722,18.006690398779593,9.691355855800659,18.780437167711327,21.868809220421465,25.669574030201094,17.350062019004092,15.319062031740723,32.82639307879857,19.482779577205992,22.943712884818833,33.541750951263644,29.350807415386438,20.241592676465302,33.2699930890939,16.6180569133571,22.8452648654033,19.871423857460197,18.426478697103217
SO19 9AN,7.107950142699212,17.98767344915698,0.0,0.13522760129453362,5.63089930020015,30.483689538486356,7.804287321103255,5.742442352976532,5.0409146023809654,16.458767246911407,8.454983960219298,20.497915152782383,7.064336221021655,4.725616383605152,6.512266050589185,4.065026870972414,29.56672762750354,12.228105628354676,5.025086088277027,2.4623782583070892,10.396973606859012,5.486149512915537,7.36826023337544,34.10065989896602,3.804704789442076,4.474591596490088,2.8596704250623746,7.463358641929185,4.078875798186216,16.115379805921197,4.740893973099962,31.65326906374223,22.48185116426781,10.386397396871166,4.677066214945044,5.733797553723193,23.707619703423926,35.729309879034666,7.089336606145789,4.482401196519158,8.768154194326128,17.557211309697376,6.600827118420724,5.245116199130483,2.964788807376734,11.74247519098858,9.996746696908339,2.290108257574675,5.8651735672933745,5.509381138918541,0.14527516647804747,2.8887529410444595,15.925383083896955,6.277309460420135,5.718137263144479,23.508061865783016,35.82365239666215,30.493131859279487,24.968422126662123,1.140155114830332,10.340483274308834,3.588542667931152,11.835105489320418,10.431807386405543,3.8784619020038615,5.833706940770567,15.490959323822409,4.228975933519588,10.827782831308351,22.68615452052871,17.009142511047912,11.122756372041584,23.84277331730835,23.694266259233647,12.005052073479398,2.8708449768082165,34.48499951404416
SO19 9AL,6.983642783696111,17.867150650668787,0.13522760129453362,0.0,5.683372009345678,30.41063580693574,7.669657198982434,5.686793782708453,5.040787057976354,16.340604777047975,8.565604898507432,20.41410921972532,6.930664421008824,4.859697060102237,6.615984916477027,4.1437595132162865,29.522559180146782,12.09385671106989,4.896043666149186,2.328932723824661,10.26188448313581,5.395531273581474,7.235593941336033,33.98234452436911,3.6780993953381254,4.436643240325771,2.8684189543055014,7.348546080604981,3.9689849911529906,15.999821049712361,4.607077445402236,31.583583536229934,22.433076389682554,10.42933982533391,4.806381154060018,5.662130320747609,23.664054159954947,35.597322152709204,7.061377665719771,4.351890020769594,8.643537393615345,17.440392543617246,6.479714422554962,5.1437509864888415,2.8429613058180894,11.644168758609341,9.973178489696428,2.280851195211194,5.73388081496205,5.376066840939863,0.08160369242116057,2.9799763269737154,15.812920408882308,6.147498597526339,5.701851636162128,23.462885657030352,35.70678424953611,30.421214182324896,24.89325700272194,1.2055987788726137,10.205312883422591,3.5454022472128175,11.778802410029922,10.456745465863875,3.788428743894548,5.814133624881556,15.578958337674866,4.202123553532743,10.795467163541689,22.671726440192938,17.00283836033394,11.051178607772176,23.814184556948902,23.65123593436849,11.960240514807309,2.8991629334570055,34.39092746968326
SO30 3PY,9.008643292623363,22.545731341788155,5.63089930020015,5.683372009345678,0.0,36.033314688427765,10.867496229138592,4.546822448909829,2.2067069524126484,16.754358742185037,4.777215372359464,25.951836049210314,10.014809075779596,5.254700328833476,3.01104784807453,1.8870168787945225,35.19111257998723,15.751860012062828,7.869285401128573,6.639054134820961,13.743111997825897,5.958219726652191,10.10049145178299,38.64541179265402,6.904374314266806,10.09573516132344,3.0970119705142984,8.582193386791397,6.172341137715388,16.221268494964434,8.193291850563455,37.22627920059218,28.112211797261935,15.123230121282607,7.002432052968217,5.228893853999464,29.33120888531058,39.21239093072564,12.674994161244356,7.626923030803681,10.381014201933953,22.281859949957617,11.437795494281126,6.342454673087226,6.22725708931327,11.060282837068723,6.067704629140696,3.7604050468140517,8.710552562348786,8.698703132717133,5.604035150548276,3.055574603509388,15.807816287228952,8.867115927004434,11.256933637979301,29.134553376175077,40.42857268347278,36.05123682986389,30.50375370404113,6.44699045512694,13.62830357671372,3.8041144641661186,9.002839239177767,5.05858314845601,5.298842444733568,11.388428886419623,10.293530596487239,3.2196494968922247,7.124951017063793,17.939618546984594,12.147087404353261,9.088547140746897,19.46960048280038,29.3167397814966,8.667777405288202,2.8738285923597013,39.763154868514505
BH25 5JP,30.09546792882252,17.498159819003764,30.483689538486356,30.41063580693574,36.033314688427765,0.0,27.761809868047102,33.89974208210955,34.79317722711525,33.663275587107336,38.46157486096503,10.284159331552177,28.331583760779854,33.73777793637947,36.76355765292772,34.54648283597239,7.177701958550377,24.55430508847752,29.527993301940324,29.577882397469583,25.890420970006495,32.30506235603648,28.586056180286164,16.16571334604441,29.885533583417818,26.203415416468378,32.98085194560301,31.23337709765159,30.915953016739344,34.0708324764921,28.830967059753462,1.4831592280544237,9.568658157269144,25.265599097664573,32.05651202412046,33.282715097096386,9.379939698255995,25.61498508952079,23.963335751134128,29.420182778030885,30.20129208345566,16.860045288978334,25.0605743417819,31.655782939804787,30.231804228161447,34.5769361207131,38.38358104491366,32.30927854630493,29.09624867844902,28.755558275761654,30.486006021814074,33.342537006760544,34.586880284658825,29.302418174364654,25.42739306939399,9.281826165295584,16.349699169021218,0.3032097603877605,5.540242303699886,29.909250483144607,26.066042932855307,32.79503736086957,38.14180121507026,40.3172773921021,31.690800908644007,25.257311330905345,45.88436464902363,33.59981376937215,38.68960495529673,50.172462124220296,45.39433402020195,36.591046355156976,50.22506826848246,9.465545569994944,38.97836901960802,33.16234512125518,7.560225198417003
SO16 4AH,2.3862250145980917,12.120848527061101,7.804287321103255,7.669657198982434,10.867496229138592,27.761809868047102,0.0,6.979823667439275,8.824367727389902,9.821337421233697,15.245384142401111,17.502277500753337,0.8529998369244508,12.455226864341055,13.205634520292612,10.424494468050336,28.716765707856567,4.886842716194161,3.0639614444741934,5.349452964155735,2.8756216171003866,5.2368754665569766,0.8740145143684357,27.996328795167116,4.240883303780702,8.164529459011266,8.170792947301507,3.4862494802121824,4.718928530135093,9.705308655696184,3.0780305100052194,29.11942683353629,21.67582234848662,15.278628344052086,12.418294982506147,6.227565468990067,23.149504597365198,28.40349836874798,9.871094348360362,3.4664462859792384,2.6730946903146116,12.082807808730196,4.07701046200158,4.675578558663707,5.1145634493447965,7.346282194466484,10.883972549733127,7.704401037722979,2.1752807588578196,2.344441576607588,7.676613770395991,9.78864165289787,9.775907750158957,2.013278278128474,9.492204382855801,22.862993026150583,29.81571371087981,27.846625747528694,22.316644333777827,8.45376357384834,2.7630773908812225,7.080836401787022,10.38899582033716,13.553484141795995,5.574854874403587,9.442463513525702,20.971278294428895,7.663482704196631,11.031360892641517,22.453272015741426,17.668163097310693,8.87151829526811,22.72015740662898,23.16929435584076,11.217911318125758,8.566739788984096,30.211028773099045
SO16 2JA,4.78982346084971,19.067655866958503,5.742442352976532,5.686793782708453,4.546822448909829,33.89974208210955,6.979823667439275,0.0,2.3528857465001365,12.29382168256721,9.318652271446762,23.63660797670678,6.169382515796558,8.454916175048178,7.453203237591656,5.097301033967047,33.926453713298486,11.788613406177774,4.421490036519093,4.820474134669821,9.78191114987126,1.7446011462380602,6.127479426267841,34.972735426195854,4.0601868525013245,9.547763099036064,3.458603164290032,4.143848210182171,3.006907900708299,11.793765481151471,5.072598108950881,35.184937192781106,26.77793564086219,16.10315150972299,9.534495083764066,0.7668130016417569,28.130642051843555,34.95196338578793,12.162629787866582,4.479910725943374,5.958268976909363,18.962374519881045,8.841812631216103,2.347519009574343,3.9568201221401464,6.765396253216551,4.664220439135969,3.660190577785078,5.033756556501982,5.247613568037769,5.61908796846232,5.292937596267709,11.429088715857558,5.006836586039601,11.00254456858005,27.890532901770875,36.79460952939792,33.95232182878734,28.370516389319068,6.88242403372312,9.643785287298584,2.194218622762487,6.092663413058465,6.623606733781486,2.356661722322907,11.073406784713475,14.095109516341056,1.8583891466832563,5.295304377503983,17.34156775910604,11.882117275657274,5.4766898792453444,18.280245411173315,28.131380836113365,6.308782980019477,3.799721146231575,36.927366557888746
SO18 3RA,6.857511984072268,20.702691804041425,5.0409146023809654,5.040787057976354,2.2067069524126484,34.79317722711525,8.824367727389902,2.3528857465001365,0.0,14.622790334268792,6.967996304483146,24.608283627153213,7.977194968229209,6.4916686339585254,5.1070905584656865,2.9387770031906015,34.346683356224666,13.707769053763828,5.917608853307446,5.216892316348163,11.69258610797516,3.776647044013228,8.024793156741918,36.74400922130237,5.110760086719475,9.399381097411498,2.1914028949120814,6.383529046933891,4.234208640472378,14.10846848338079,6.35762479746571,36.02959369416636,27.217860765621086,15.272307842795435,7.86834095062856,3.022242989637725,28.502438326469626,37.083398149469524,12.051094807159098,5.763661521415874,8.188014206892252,20.501838323807988,9.871672816566191,4.2061585306127185,4.594650175199593,9.006362173039522,5.096134849239831,2.765438569082374,6.707196821178037,6.766197213144161,4.960275273578711,3.4931368663156097,13.721406381290974,6.8114698923814485,10.730186797496927,28.285047908570085,38.54412995455921,34.82671278194818,29.253018034023953,6.092014402789593,11.569518039668063,2.0102425209802024,7.519628603432972,5.56990560407823,3.353304153249456,10.835068848181775,12.162483124411974,1.2327409203208233,6.036401059604558,17.67474942149318,11.972932730723215,7.310566797811776,18.93066961017442,28.49499115809123,7.4148510390326745,2.302118345326213,38.217049529475176
SO51 8EN,9.419399222897674,16.18879764186391,16.458767246911407,16.340604777047975,16.754358742185037,33.663275587107336,9.821337421233697,12.29382168256721,14.622790334268792,0.0,21.51345219213331,24.085468719254507,10.138576144003455,20.44940491885866,19.7270006302826,17.35119558622688,36.20273071015772,9.70145448476135,11.585982677057684,14.168704168507405,9.346686072136318,11.386248517570554,9.715804540435798,28.93221549434181,12.711808778878192,17.921015927453805,15.391084012190515,9.009848005780439,12.410622639494617,0.7092299189336444,12.144745066792767,35.126543713556885,29.58386468253863,25.087802502319214,21.059571685468764,11.738941278409326,31.12714358603619,25.825751640908486,19.684615105473448,12.158804612595755,7.803290174247824,16.807593843444934,13.792786435203105,11.37987119834733,13.502059544754786,5.829659971691189,12.726099447905066,15.275228042795783,10.911170076018385,11.412234500840388,16.31396436337686,17.313290129991046,1.4083255196701359,10.433794746275465,19.293576402241385,30.801063775586783,30.809311117310784,33.8190737437851,28.70328766436281,17.404936018918317,9.21682920499496,13.9694342874828,9.810406111167207,16.416707199783083,12.840548940305256,19.251147725435324,24.73628313027662,14.02979932331888,12.014399707259841,18.822218268551122,16.262996322293365,8.581857970281323,17.913668703521413,31.167177313088395,10.881560406817417,15.798753925857037,34.101152689880806
SO32 2UG,13.604883917232883,26.379364909824073,8.454983960219298,8.565604898507432,4.777215372359464,38.46157486096503,15.245384142401111,9.318652271446762,6.967996304483146,21.51345219213331,0.0,28.714832921392112,14.399172794259366,4.80954931271344,2.0445347062575054,4.830265393748449,36.783538751889765,20.06757377660257,12.182867013630862,10.357873739847594,18.093381755218495,10.642238363661882,14.547778669626894,42.51256517265732,11.060102360716128,12.31022247363225,7.076100534731018,13.28594891159359,10.544683769747632,20.968674792700032,12.331929457644843,39.55088735786526,29.909617448967893,15.209735240101395,6.734032923765138,9.981695698181156,30.970827678802017,43.645460740514544,14.512472187239227,11.830979769884129,15.060773750235796,25.988357368992062,15.007797511415262,10.952724967596984,10.244327282319222,15.776945511636583,10.00500544468659,7.583509702448887,13.071436107126422,12.954748503190446,8.508227478403928,5.680738520658893,20.53643159333467,13.304557843299673,13.04164317108149,30.8209148357125,44.25026707493867,38.44590968913549,33.012054681485395,8.713408411840096,17.99599733112533,8.240073243464689,13.235711869025083,7.361856123550795,9.729162768893612,13.209193562045968,7.584751082171989,7.836103918566971,11.068582280444616,19.99248613323529,14.365417004469219,13.600313461450536,21.962783412661434,30.941847026403533,12.673484667435307,6.68745015408614,42.82691774822731
SO42 7RY,19.82239819440582,8.583889775073791,20.497915152782383,20.41410921972532,25.951836049210314,10.284159331552177,17.502277500753337,23.63660797670678,24.608283627153213,24.085468719254507,28.714832921392112,0.0,18.05583588966509,24.12258048884262,26.914913461007384,24.556219737917367,12.250223746800879,14.60598044707353,19.252154401301674,19.408380996413815,15.763957334129735,22.02862115770134,18.317870050323513,17.111990990475395,19.642582228719817,16.410207934652632,22.87099162764412,20.964095106962912,20.66421249113779,24.416065863111996,18.56451858351194,11.619919494385977,6.699313665775467,17.137489157910032,22.613612438121,23.01035332139193,8.126033533317973,23.634204914567945,14.462190328225836,19.15704225068797,19.983956759428732,7.639404177372868,14.808683924937233,21.379580001866373,20.025014655414505,24.442756680416615,28.101610729473126,22.20080134860477,18.812310138644808,18.474650974524053,20.48611264497821,23.38321604560943,24.87135242733471,19.018955436517004,15.862552460028642,7.767579025653282,18.33479116580492,10.35553180186034,4.817490342464777,20.0327092720413,15.938107412524605,22.601702915693014,27.890388001368557,30.098940675689285,21.453430915027276,15.683535606050366,35.983743856822855,23.401457126757926,28.405964743892476,39.94296336865692,35.11373523111433,26.35500245715647,40.07865281955909,8.202206188747644,28.711335606727513,23.078897275400053,14.235988012779135
SO16 4NZ,1.7709170168371895,12.90449900560305,7.064336221021655,6.930664421008824,10.014809075779596,28.331583760779854,0.8529998369244508,6.169382515796558,7.977194968229209,10.138576144003455,14.399172794259366,18.05583588966509,0.0,11.677126777456149,12.360628623466233,9.581446638826897,29.111114816150383,5.73833799315679,2.2242208512677735,4.602067887462658,3.7283537083300917,4.424791005526042,0.4331077301040652,28.82096880334315,3.4237301157167415,7.782480600457232,7.326554455624986,2.9228570544125763,3.8672083915535165,9.96629985948426,2.3238875245505377,29.675534788705068,22.03583424268003,14.963183076544192,11.70950126158192,5.424545928285381,23.49210747685335,29.25267297680061,9.666242058100186,2.6557121427138877,2.571843582812185,12.833785565304183,4.106436845336308,3.84742025514952,4.305593640272916,7.148586292582339,10.18696084032799,6.869872075320559,1.3279792698791155,1.558141421828135,6.932907849274144,8.96512126459145,9.97822544637636,1.172373475795589,9.167822382772421,23.213008920612353,30.636592041714984,28.40976801368895,22.86199944270356,7.769065600340996,3.61595451996612,6.227952833971872,9.881102694269952,12.76561369126739,4.721879104421598,9.133111647925517,20.12912949115879,6.812252308981596,10.386894175752728,21.956537442268427,17.06572507748219,8.413533385769933,22.310726081741468,23.508608477399846,10.662192471239898,7.724755581162249,30.917333436061266
SO31 8ES,11.432968784254934,22.502057122913822,4.725616383605152,4.859697060102237,5.254700328833476,33.73777793637947,12.455226864341055,8.454916175048178,6.4916686339585254,20.44940491885866,4.80954931271344,24.12258048884262,11.677126777456149,0.0,3.5999630837952132,3.5979013794835706,31.974182225371003,16.953460850043086,9.524598417765803,7.119982934838881,15.1102409322688,9.06593638832834,11.94189436457335,38.54082153568113,8.283772885878538,7.747755129832068,5.084052770153504,11.519667446372054,8.20471437745603,20.021009753800723,9.377357992097377,34.80372063451173,25.10732070335445,10.5910636285275,2.0212164345304426,8.838244583021394,26.161762715477384,40.43924570117692,9.77503840775881,9.030863113079786,13.068971232565719,21.99602172194342,11.182046114813199,9.092466472319419,7.395627103747909,15.181905700213804,11.267507308189453,5.180378786795458,10.410994359505944,10.121863325295793,4.835941277119095,3.172825649996963,19.729477958765557,10.773704700586983,8.316543081277603,26.012962914210984,40.22806272979378,33.71468138422013,28.320160363366206,4.497038852469595,15.048813153477866,6.503338875045051,13.989970103821905,10.047687240207692,7.639156918191066,8.489541773678154,12.390706112203588,6.598926824386298,12.301821968702235,23.069634115583437,17.278405084088096,13.78202873405605,24.690657957788623,26.13257662746114,13.791492270725504,4.693985698894377,38.30724463492552
SO30 4FQ,11.600930621390786,24.368949327485065,6.512266050589185,6.615984916477027,3.01104784807453,36.76355765292772,13.205634520292612,7.453203237591656,5.1070905584656865,19.7270006302826,2.0445347062575054,26.914913461007384,12.360628623466233,3.5999630837952132,0.0,2.785992974156083,35.332029057756486,18.023421484743167,10.142290425156173,8.32860294088841,16.05066546863019,8.682379015288364,12.514896609617354,40.505173509229614,9.015717916373099,10.561410319078156,5.0349531673546855,11.326485198551838,8.511909914847763,19.205560575232496,10.287487688493655,37.8829863960253,28.37983996758654,14.186438540704538,5.6206247716621425,8.078249533786865,29.4925974511341,41.60322707402361,12.891080171018688,9.786896423937288,13.083814476064163,23.994877020631687,13.013309958447834,8.96180759964268,8.20041463409321,14.063423663756884,8.802626992777077,5.5391602032053875,11.03268036423132,10.911174748209989,6.554091221756409,3.6770330034750973,18.803704464741916,11.272393348006872,11.417245878775786,29.327673691434867,42.24971346733549,36.75712559116961,31.284780957001466,6.88285269011372,15.954101800553339,6.2283659553406965,11.89806360213394,6.8047815570245245,7.706411018169138,11.576899847020481,9.12506219508719,5.872291323415398,9.877195692634102,19.794936106704274,14.041993608,12.077350122419933,21.573722746826395,29.46811940408804,11.463826331315236,4.643851786035967,40.97166557740491
SO18 5TS,8.88433419566837,21.652953802008852,4.065026870972414,4.1437595132162865,1.8870168787945225,34.54648283597239,10.424494468050336,5.097301033967047,2.9387770031906015,17.35119558622688,4.830265393748449,24.556219737917367,9.581446638826897,3.5979013794835706,2.785992974156083,0.0,33.4990510924607,15.237426667471826,7.360560379809503,5.594201942638372,13.265618254755442,6.0763151585360315,9.74474742449152,37.789111848614084,6.229842026979798,8.43812189759086,2.255886961277704,8.69666912247669,5.745913458053702,16.870644481353587,7.503399036578731,35.710754891390565,26.451134856699294,13.237170698152461,5.187324329024883,5.612253418935623,27.639788767785067,38.81835926303342,10.958238464037917,7.000910838264673,10.412493388893614,21.310024692657546,10.345301556723447,6.2841837370541125,5.419417640016414,11.858422272958544,7.6971491020067715,2.756971151991058,8.253566734789485,8.125465387805791,4.070794853976314,1.2407509967573573,16.521039679806112,8.504324270539675,9.515901674918988,27.452155274755686,39.54480833355552,34.55448491775917,29.032992216002732,4.726524916938492,13.169933038991372,3.527878526439293,10.39734069294802,6.94387874443997,4.964879096662745,9.65593501507569,11.451944357764889,3.323142131449009,8.719127083328738,19.80565023078745,14.016891297873602,10.248857801755088,21.290775210530054,27.622434373132563,10.196010599469064,1.8586661857227376,38.50197182139386
SO41 0PG,30.861450941068163,20.781116341845156,29.56672762750354,29.522559180146782,35.19111257998723,7.177701958550377,28.716765707856567,33.926453713298486,34.346683356224666,36.20273071015772,36.783538751889765,12.250223746800879,29.111114816150383,31.974182225371003,35.332029057756486,33.4990510924607,0.0,26.57440136383675,29.815256706557985,29.23414096547939,27.46490608894198,32.52139704269583,29.443739098117774,23.15702368213892,29.877761721961754,25.09552372224862,32.314538059920025,32.01393153984479,30.933959995215872,36.49185945812999,29.035655756463076,6.694931076657449,7.148514607242127,22.222138926065664,30.09047192803225,33.42008646985412,5.860136183918517,32.24186044775121,22.541356344602605,29.575184327716663,31.34682029508952,19.876302443016346,25.300938883789343,31.885995017531993,30.019831795848006,35.97186989142635,38.57576114629066,31.660176813314415,29.587208086120864,29.152962474451204,29.60317934219564,32.25890267617897,36.907059561936464,29.89293776261731,23.992877337354223,6.062743081338488,23.464506662838478,6.886139094869487,8.338919248404606,28.774685813750008,27.632186917296792,32.44080871164589,38.94770366427393,39.90508859379571,31.591673920737847,23.84776289800064,44.36314700081536,33.244653515472876,39.06675958493767,50.9888677805132,45.7766520905744,37.521543665813944,51.421308148841725,5.876601045652897,39.63858003926779,32.40938788856576,14.657163019637489
SO40 8WU,7.017482116889184,7.728578649596184,12.228105628354676,12.09385671106989,15.751860012062828,24.55430508847752,4.886842716194161,11.788613406177774,13.707769053763828,9.70145448476135,20.06757377660257,14.60598044707353,5.73833799315679,16.953460850043086,18.023421484743167,15.237426667471826,26.57440136383675,0.0,7.907520086753474,9.883180064101353,2.0157044548205767,10.062254912150982,5.689150224786076,23.22495487485329,9.008142668122492,11.18285959978095,12.99643965483649,7.89545129001226,9.590185247718575,9.938009267324725,7.747406285352381,25.98149187077998,19.886106851795592,17.526746409375438,16.607526681234607,11.02499145031648,21.427943023119308,23.59243634832404,11.933324257405047,8.236595565962139,6.311744986311841,7.958929173193751,6.381935378152664,9.533869437305329,9.840358563663404,10.139877039050356,15.306318768590723,12.489505178600194,7.044142103759758,7.114561480311633,12.117909618080192,14.51274189285527,10.333823319652906,6.897211988816879,12.137901574892512,21.103258730170946,25.062815643736947,24.679385092936215,19.34665181455251,12.648088746647234,2.14595228572516,11.958459225151042,14.14022365292796,18.26084345175179,10.455079586791753,12.025700506950628,25.841349528746488,12.55030719215845,15.266157316360706,25.877757457053846,21.623249143773368,12.513289989421613,25.730749821666944,21.46729673533034,15.119959028395467,13.380352065913918,26.136835444955725
SO15 5AL,2.169004498717419,14.793300342022736,5.025086088277027,4.896043666149186,7.869285401128573,29.527993301940324,3.0639614444741934,4.421490036519093,5.917608853307446,11.585982677057684,12.182867013630862,19.252154401301674,2.2242208512677735,9.524598417765803,10.142290425156173,7.360560379809503,29.815256706557985,7.907520086753474,0.0,2.610550925245871,5.915920022877676,2.7770981385568105,2.4309154422714934,30.827660299252543,1.242315475034972,6.730522533599909,5.107336414757504,2.884325128658786,1.6985247785230415,11.305137030689423,0.8167938741954456,30.829171301619823,22.679876755028882,13.909963870037437,9.702150740282146,3.7617771762015995,24.080755826758274,31.46344231640959,9.019095203104419,0.5728613005323406,3.797115280184579,14.623333800146101,4.533550471906687,2.1277869839162746,2.1292582748616176,7.552834167760923,8.869384459518937,4.645947404258203,0.9020295708846515,0.8515669316125076,4.88590781595467,6.747784664501397,11.19612740531551,1.2565763230803146,8.216252569632104,23.823171473263177,32.62656338769906,29.586992090417485,24.00881126670469,5.864454180224739,5.814627038757169,4.065469744172436,9.25356279507176,11.021592362947732,2.5796034034718325,8.22372937924484,18.073831857010212,4.711254594132485,9.268044054896869,21.193136659540798,15.99741937351316,8.004206564903338,21.808959372767397,24.08832064258197,9.85205267327654,5.5027935032648,32.5137389039236
SO14 1LT,4.754843878636485,16.05877515789388,2.4623782583070892,2.328932723824661,6.639054134820961,29.577882397469583,5.349452964155735,4.820474134669821,5.216892316348163,14.168704168507405,10.357873739847594,19.408380996413815,4.602067887462658,7.119982934838881,8.32860294088841,5.594201942638372,29.23414096547939,9.883180064101353,2.610550925245871,0.0,8.000569477909286,3.8692207678063912,4.9081635220449025,32.19491810139834,1.468297779636848,4.7947180143520125,3.5495087370486402,5.274790764570083,2.1566972778212072,13.86510551022796,2.2791310396428384,30.812679297873167,22.09087121919029,11.71895537304484,7.122964740375631,4.492229917284055,23.410504490886442,33.45210016558151,7.364999585716172,2.0487138596366643,6.401371895574096,15.725866952771552,4.8033332604421055,3.412450894645442,0.9081591488377222,9.800784956365518,9.465010730303407,2.9072154423868497,3.4166928073002216,3.0471570929257665,2.3309946233490217,4.6934202715770255,13.723621100100935,3.8453910470162436,6.28329618437532,23.181040818890438,33.95126051178143,29.610427819410802,24.037945153678002,3.25408513649708,7.934209872871803,3.2339521799104958,10.657248412989153,10.76890396510429,2.4795010936577695,6.335020157357362,16.903512049975113,4.04303316386618,10.113061940357484,22.161964388254802,16.674076565481148,9.675729738736884,23.057822777069312,23.40747443305836,11.035520982626489,3.8378101470312527,33.130194997883564
SO40 3PY,5.026536955837775,9.52574664583016,10.396973606859012,10.26188448313581,13.743111997825897,25.890420970006495,2.8756216171003866,9.78191114987126,11.69258610797516,9.346686072136318,18.093381755218495,15.763957334129735,3.7283537083300917,15.1102409322688,16.05066546863019,13.265618254755442,27.46490608894198,2.0157044548205767,5.915920022877676,8.000569477909286,0.0,8.05154831947447,3.6737790878450114,25.207838649153153,7.045044441733393,9.835819452429796,11.017727451209767,5.952661796394007,7.589098876299833,9.441825996764162,5.806798375060408,27.291473165963144,20.598112404935314,16.552952163609707,14.881664166504656,9.019764434161132,22.11942535683735,25.55270675269549,10.95865424620853,6.269659102042756,4.480809575046234,9.6276279758229,5.085699607145742,7.518928766334349,7.894040749285662,8.68908367015949,13.404068044233767,10.527000891763773,5.042168761623181,5.141694447796353,10.280039648810293,12.57703599815024,9.715684110524045,4.883012262832674,10.945598444599895,21.80928605586915,27.039347276225328,25.998707143312263,20.5639853739096,10.900716398219053,0.17584935424418402,9.954476861156135,12.437023911905744,16.282558983044794,8.449284508873623,10.854807024160557,23.82624487746531,10.53802086832627,13.41927620160593,24.33453416732377,19.885050888759046,10.830338570314508,24.337140817227432,22.150662785027237,13.375261091075853,11.407045995122605,27.841037238104228
SO17 1BJ,3.1003963063441917,17.32457424779122,5.486149512915537,5.395531273581474,5.958219726652191,32.30506235603648,5.2368754665569766,1.7446011462380602,3.776647044013228,11.386248517570554,10.642238363661882,22.02862115770134,4.424791005526042,9.06593638832834,8.682379015288364,6.0763151585360315,32.52139704269583,10.062254912150982,2.7770981385568105,3.8692207678063912,8.05154831947447,0.0,4.388393617777081,33.23210109365677,2.7275674875658344,8.652523614535992,4.009159026414003,2.6448704195673045,1.7347232207303829,10.955802110574263,3.504386820207496,33.60586352415507,25.377813588326987,15.547531860029988,9.815684891572138,1.010777962369505,26.759440313482735,33.32150736982961,11.17565575912783,2.947239642089353,4.425889565457644,17.22687810678894,7.290789851012541,0.6493631100671305,2.9629529419064577,6.284676553828169,6.0991208486865265,3.9078402999664203,3.3104036821668927,3.5677525643350894,5.345189120097609,5.928992257335526,10.678150433062127,3.2634478233284767,10.147043878595651,26.509064669094823,35.0525338761914,32.364073564794666,26.785717771365746,6.58688412713436,7.91635415355307,2.5929872931110993,6.815881027492201,8.355858349019547,1.607711836967519,10.193355653734347,15.791921382795476,2.810442289002146,6.546746074413045,18.5517697546546,13.259787673896724,5.8100008685304045,19.301836669930108,26.764109673678266,7.2744900479182215,4.421205084274286,35.22331843008653
SO16 4XE,1.5229677680859022,12.991800785259436,7.36826023337544,7.235593941336033,10.10049145178299,28.586056180286164,0.8740145143684357,6.127479426267841,8.024793156741918,9.715804540435798,14.547778669626894,18.317870050323513,0.4331077301040652,11.94189436457335,12.514896609617354,9.74474742449152,29.443739098117774,5.689150224786076,2.4309154422714934,4.9081635220449025,3.6737790878450114,4.388393617777081,0.0,28.845241133961835,3.662139760097089,8.206590685851182,7.489214417441778,2.6473619357399296,4.003229774857968,9.537992665444397,2.64435188357439,29.937401672540524,22.379681321242785,15.391797348301484,12.02869442723008,5.371112145130527,23.84186733194266,29.127789223069307,10.099341574768667,2.9119979568733707,2.145494113852232,12.956815758896298,4.516414062773268,3.845401192948397,4.550120689215386,6.7487020336710355,10.013388814521974,7.060323467155461,1.5330637109250789,1.8667084423707054,7.234273055856565,9.173923484760909,9.546390395221172,1.2436058145632196,9.596811935765382,23.56032504457468,30.66789572324658,28.667823714405415,23.128896346001007,8.10685193600869,3.5462636665675737,6.338171538415182,9.587528360436094,12.68679604510668,4.832587827281959,9.563158514157099,20.15247747748709,6.885156627278722,10.173048268967714,21.66085355660412,16.825724043731523,8.096178278149932,21.978467427705056,23.85942620992873,10.393588076458409,7.89396748457332,31.081078859549812
BH24 1SD,30.23407596600919,16.13700517198278,34.10065989896602,33.98234452436911,38.64541179265402,16.16571334604441,27.996328795167116,34.972735426195854,36.74400922130237,28.93221549434181,42.51256517265732,17.111990990475395,28.82096880334315,38.54082153568113,40.505173509229614,37.789111848614084,23.15702368213892,23.22495487485329,30.827660299252543,32.19491810139834,25.207838649153153,33.23210109365677,28.845241133961835,0.0,31.741073204263866,31.035643944014822,35.66874048049281,31.114460617937876,32.519660851232516,29.567324207048724,30.45249186993733,17.164353050626538,22.138054793709408,33.74391232617913,37.49261261465159,34.215449449688215,22.935385260750753,10.067481176711555,29.89184723920543,31.024354098710486,29.46458829794514,16.5517124279495,27.509295585476888,32.66814091705805,32.449297841152806,32.46385544814225,38.457825106208304,35.069393971224805,30.04710259156485,29.981598824058384,34.03380318880209,36.83397904241842,30.24918919401308,29.992720667727912,31.041749229335252,22.65435303704643,1.8823688701505055,16.46892278242395,16.48119008333297,34.06206708901139,25.353935164053457,34.859600557244804,36.86873978220163,41.485665123988895,33.40310738421314,30.863377375062978,48.90030862638657,35.53762494794397,38.31343293075364,47.6701972993599,44.28154078809139,35.246024405258126,46.84416506462948,23.034949263930958,37.92885862151668,36.001542004341054,10.104369553817161
SO15 2HQ,3.3127184943351202,15.646841565646568,3.804704789442076,3.6780993953381254,6.904374314266806,29.885533583417818,4.240883303780702,4.0601868525013245,5.110760086719475,12.711808778878192,11.060102360716128,19.642582228719817,3.4237301157167415,8.283772885878538,9.015717916373099,6.229842026979798,29.877761721961754,9.008142668122492,1.242315475034972,1.468297779636848,7.045044441733393,2.7275674875658344,3.662139760097089,31.741073204263866,0.0,6.027185189811945,3.9978498081157134,3.8089100931114444,1.0563112797140957,12.40110315353631,1.29250586555149,31.157698607621704,22.729836581174578,13.09253957403712,8.47896500219398,3.5502513473789286,24.093526389555585,32.594626514243664,8.485405367052937,0.776504206371735,4.969672143248171,15.410152271778978,4.835536265484634,2.159211788102151,0.8883931412262992,8.37071114833352,8.698007540563848,3.4826833444647742,2.1292240641257427,1.9057746254949635,3.663522991822967,5.548026362499811,12.255729047391238,2.4973449836658115,7.528570641257277,23.849216312486313,33.5246963898273,29.932568544447044,24.350341451715543,4.694658427326366,6.955387763282364,3.1399877715088356,9.525732189669311,10.468315860366221,1.8144025755227433,7.559951994691408,17.17979213812356,3.8781487567719215,9.229674233040141,21.262612674861035,15.905563590139838,8.430627174749857,22.028943457378265,24.095951596588655,10.001996715471329,4.374368640094533,33.123511108001594
SO45 6AW,8.775835067409522,15.223472930561035,4.474591596490088,4.436643240325771,10.09573516132344,26.203415416468378,8.164529459011266,9.547763099036064,9.399381097411498,17.921015927453805,12.31022247363225,16.410207934652632,7.782480600457232,7.747755129832068,10.561410319078156,8.43812189759086,25.09552372224862,11.18285959978095,6.730522533599909,4.7947180143520125,9.835819452429796,8.652523614535992,8.206590685851182,31.035643944014822,6.027185189811945,0.0,7.276369463101352,9.614211886755154,6.92197467154671,17.739836022878855,5.990568463812987,27.33287498666329,18.0220559793761,7.213331518617438,6.466241172390265,9.277981924686303,19.23579830065842,33.738760107351446,2.654595456105637,6.211844845127866,10.221851290629637,14.590068179697159,4.805767764494548,8.15432898275272,5.702041298414055,14.282510531250495,14.116507953907005,6.645853381762793,7.160900890758237,6.622313870378412,4.517886125946798,7.206013494697771,17.72102381464698,7.642932438006839,1.501386243394824,19.038898127144098,32.67749920750277,26.199111733966866,20.72430358471095,3.72514945829512,9.856242944756072,7.6568940977138205,15.45187664660548,14.883913311706076,7.253716070802755,1.5409422289694295,19.680919620002577,8.417309077811883,14.834295404337352,26.850948299196688,21.268377019489137,14.44073228624734,27.824827121481984,19.22176304831451,15.817209311656564,7.33466930910854,30.566863581709466
SO18 6TG,6.662627618857265,19.544031561698887,2.8596704250623746,2.8684189543055014,3.0970119705142984,32.98085194560301,8.170792947301507,3.458603164290032,2.1914028949120814,15.391084012190515,7.076100534731018,22.87099162764412,7.326554455624986,5.084052770153504,5.0349531673546855,2.255886961277704,32.314538059920025,12.99643965483649,5.107336414757504,3.5495087370486402,11.017727451209767,4.009159026414003,7.489214417441778,35.66874048049281,3.9978498081157134,7.276369463101352,0.0,6.558660797525583,3.4930869540689584,14.948945072559297,5.283008428280748,34.187769552579944,25.20372957183848,13.103017178737527,6.076627662546208,3.7643793960615515,26.460851582624876,36.569342263113434,9.917322673910816,4.762494579956108,8.224669965127923,19.24518454440664,8.35266641898253,4.120106054840356,3.2247760575191418,10.109228760509694,7.235583624272618,0.671579982454316,5.99858423924439,5.881890890565884,2.7871302537364513,1.9229232398934224,14.647918812024665,6.249420156442352,8.56986287168577,26.251968684812145,37.438295089223566,33.0034842588881,27.446465571184557,3.9007017099017482,10.91989508080067,1.4227374339673786,9.384924757147509,7.609470525737744,2.7375587114985507,8.680567013451244,13.35585310835811,1.6333652145251516,8.127166646242843,19.863693323350635,14.16392886647832,8.918419092067559,21.08951507660387,26.45053513884146,9.41512852275419,0.4204882803656448,36.66634789848919
